-179
354
320
-21
515
-52
-38
501
-317
277
-418
83
58
-241
3
403
448
498
506
577
-152
615
499
58
6
393
-118
195
436
-21
-268
423
-275
-281
-340
-346
545
-16
-219
492
621
-266
194
-180
418
-395
-256
-378
228
524
-247
478
376
60
405
-286
-73
476
390
1
-74
-358
-70
-369
-467
-426
-86
-72
-384
488
-498
-180
-131
397
491
386
85
649
214
-248
-164
-116
419
174
-83
241
366
-168
122
-369
174
608
-50
229
312
158
637
-357
165
-54
170
235
484
315
-241
428
83
-59
-313
-254
289
41
336
-389
-346
390
277
514
169
-209
54
493
-237
354
470
162
180
464
409
-226
-234
-268
-403
631
214
-418
-155
6
-304
-224
495
225
418
-140
119
-359
314
222
-136
371
622
444
74
-76
-37
257
332
-140
167
-17
-443
439
104
424
491
215
-146
-401
-272
178
-439
603
-178
148
-86
-94
100
608
246
-183
632
-162
-254
226
-189
644
389
445
-304
490
-335
475
573
84
-233
197
525
-196
594
-475
-126
-297
397
278
494
386
259
251
10
186
225
-113
402
150
-380
-414
272
178
596
309
461
-449
279
-382
-426
-349
330
-332
-165
-136
285
271
423
222
82
-151
-73
352
-478
-180
-422
52
-446
367
385
136
-296
-32
503
-383
332
115
80
534
382
-177
262
491
-199
-455
-497
481
-450
183
284
228
-199
-450
171
-240
-313
-397
-14
504
-19
503
368
-233
-347
-372
270
26
92
580
605
-113
294
99
595
286
127
-283
334
462
149
188
-37
-339
140
-307
-136
-478
490
414
-114
-43
-427
379
-76
555
117
80
-415
295
-344
459
-376
-452
-292
-292
426
-429
69
-230
-390
175
170
48
79
200
-223
-474
247
638
433
-208
-269
475
-483
436
-87
492
381
191
-331
-138
356
148
-121
236
-3
-213
241
520
-164
-201
-370
74
-136
640
180
88
184
-155
-2
-74
388
-488
-493
-196
-298
123
-325
-384
-262
-244
-399
590
-399
-158
-362
-385
-84
-464
179
272
270
356
452
-480
-294
-372
127
-400
297
136
-480
-181
587
-380
196
-231
357
289
252
117
302
-93
156
-277
609
263
584
-55
-368
-429
492
621
24
383
-188
476
-86
68
628
-117
647
611
-203
79
201
-370
-217
31
509
114
-142
-154
-233
373
-114
378
610
251
-95
-67
451
-174
-8
-384
-85
36
220
5
235
-240
611
-194
-250
-79
363
129
-488
16
-108
174
187
69
-30
-115
528
468
-481
482
8
360
-86
-489
228
38
535
-464
-483
343
273
293
30
421
623
-17
-33
62
-120
527
54
548
64
-231
611
576
228
-224
-421
364
-231
387
351
-129
-434
302
558
524
295
213
-198
-297
23
566
-205
-81
-369
182
-135
81
428
127
472
53
382
-108
71
-207
508
-71
504
355
573
431
273
-181
47
630
471
-214
-30
-469
308
-133
-242
-358
-489
-282
145
485
-492
391
614
431
-463
-78
-239
317
442
-253
-166
-284
497
417
614
-69
-213
577
324
10
-403
462
78
-33
47
-435
198
-82
-402
-17
-152
416
288
501
439
-125
612
-148
293
461
182
98
175
458
636
35
581
-85
254
-279
-147
480
478
620
-302
473
-150
-85
-445
153
-159
-441
-412
-475
441
469
-430
-97
321
-369
384
594
279
244
200
645
367
643
-175
394
50
514
446
168
-329
271
82
145
399
-234
52
36
-240
-309
185
547
55
349
492
-169
471
48
-345
-92
122
560
-364
645
312
277
187
220
-288
17
377
-198
-178
133
526
-128
558
537
-196
425
418
-15
-495
208
611
-81
457
42
-405
-495
-446
611
568
477
492
-350
-373
35
-213
-474
471
444
255
296
198
-462
256
-322
569
-160
-84
453
-380
400
177
-139
215
-152
-194
-267
-290
100
-354
-332
394
297
511
-190
527
463
-279
160
-363
136
5
639
147
352
618
-193
-195
331
385
645
33
89
357
306
613
-289
236
-475
-423
222
-60
365
-59
-148
-444
303
479
530
-428
-488
46
-238
-419
-490
539
-282
649
-215
548
472
-264
588
368
-40
-284
367
-449
-275
-85
-213
-264
53
51
31
431
-266
532
-247
-397
347
93
-439
273
-404
-47
626
-242
302
-164
72
572
502
-471
331
630
-216
-31
332
-486
485
358
381
-209
482
-186
-125
144
534
264
58
324
-432
432
124
61
555
-192
3
316
151
10
564
-212
-482
-21
-220
-383
202
-51
-53
-494
-466
-176
-448
572
-4
157
176
63
57
184
196
416
-478
248
443
296
-242
561
-81
-323
73
639
508
292
-275
449
-482
-407
398
162
136
-226
-289
-383
-5
-305
-94
-301
360
613
18
76
629
122
-99
-196
-100
-180
169
175
191
-262
-183
139
-118
-187
647
228
-372
-230
-475
-420
425
-93
556
351
273
40
-477
-354
504
-155
389
154
-29
371
318
359
169
577
-151
-95
83
526
275
-209
-113
362
502
-392
-59
405
-446
-379
83
-471
339
-356
322
148
-347
-188
-313
-59
-224
-26
-20
124
-138
247
-374
409
-135
-171
492
-80
244
-117
299
-41
175
82
577
303
383
366
-433
434
-477
434
325
-177
647
646
374
225
-466
-67
494
-230
381
429
-484
-82
-134
430
-466
551
351
-402
546
-432
581
251
475
339
-187
525
